283862,4308807
283863,4308808
283860,4308805
283861,4308806
283865,4308810
283866,4308811
283867,4308812
283868,4308813
283869,4308814
283864,4308809
283879,4308824
283873,4308818
283874,4308819
283876,4308821
283877,4308822
283878,4308823
283875,4308820
283870,4308815
283872,4308817
283871,4308816
283888,4308833
283889,4308834
283887,4308832
283884,4308829
283885,4308830
283886,4308831
283880,4308825
283881,4308826
283882,4308827
283883,4308828
283894,4308839
283898,4308843
283895,4308840
283890,4308835
283891,4308836
283892,4308837
283893,4308838
283896,4308841
283897,4308842
283899,4308844
283904,4308849
283909,4308854
283908,4308853
283906,4308851
283902,4308847
283903,4308848
283907,4308852
283905,4308850
283901,4308846
283900,4308845
283911,4308856
283912,4308857
283913,4308858
283919,4308864
283910,4308855
283916,4308861
283917,4308862
283918,4308863
283914,4308859
283915,4308860
283925,4308870
283926,4308871
283928,4308873
283929,4308874
283927,4308872
283920,4308865
283924,4308869
283921,4308866
283922,4308867
283923,4308868
283934,4308879
283932,4308877
283933,4308878
283939,4308884
283930,4308875
283931,4308876
283935,4308880
283936,4308881
283937,4308882
283938,4308883
283948,4308893
283946,4308891
283947,4308892
283943,4308888
283940,4308885
283941,4308886
283942,4308887
283944,4308889
283945,4308890
283949,4308894
283952,4308897
283956,4308901
283950,4308895
283951,4308896
283958,4308903
283957,4308902
283954,4308899
283955,4308900
283953,4308898
283959,4308904
283960,4308905
283962,4308907
283963,4308908
283964,4308909
283965,4308910
283966,4308911
283967,4308912
283968,4308913
283969,4308914
283961,4308906
283971,4308916
283972,4308917
283977,4308922
283979,4308924
283978,4308923
283976,4308921
283973,4308918
283970,4308915
283974,4308919
283975,4308920
283984,4308929
283989,4308934
283985,4308930
283987,4308932
283981,4308926
283982,4308927
283983,4308928
283980,4308925
283988,4308933
283986,4308931
283990,4308935
283991,4308936
283996,4308941
283997,4308942
283993,4308938
283994,4308939
283995,4308940
283998,4308943
283992,4308937
283999,4308944
284001,4308946
284003,4308948
284005,4308950
284007,4308952
284008,4308953
284000,4308945
284002,4308947
284009,4308954
284004,4308949
284006,4308951
284014,4308959
284012,4308957
284019,4308964
284013,4308958
284015,4308960
284016,4308961
284010,4308955
284011,4308956
284017,4308962
284018,4308963
284026,4308971
284021,4308966
284022,4308967
284024,4308969
284029,4308974
284023,4308968
284020,4308965
284027,4308972
284028,4308973
284025,4308970
284034,4308979
284035,4308980
284036,4308981
284037,4308982
284030,4308975
284031,4308976
284032,4308977
284033,4308978
284038,4308983
284039,4308984
284045,4308990
284042,4308987
284043,4308988
284044,4308989
284048,4308993
284049,4308994
284040,4308985
284041,4308986
284047,4308992
284046,4308991
284058,4308997
284056,4308995
284057,4308996
284053,4309002
284054,4309003
284055,4309004
284059,4308998
284050,4308999
284051,4309000
284052,4309001
284066,4309011
284060,4309005
284063,4309008
284068,4309013
284069,4309014
284064,4309009
284061,4309006
284062,4309007
284065,4309010
284067,4309012
284077,4309022
284074,4309019
284075,4309020
284076,4309021
284070,4309015
284071,4309016
284072,4309017
284073,4309018
284078,4309023
284079,4309024
284080,4309025
284081,4309026
284082,4309027
284083,4309028
284084,4309029
284085,4309030
284086,4309031
284087,4309032
284088,4309033
284089,4309034
284090,4309035
284091,4309036
284092,4309037
284093,4309038
284094,4309039
284095,4309040
284096,4309041
284097,4309042
284098,4309043
284099,4309044
284100,4309045
284101,4309046
284102,4309047
284103,4309048
284104,4309049
284105,4309050
284106,4309051
284107,4309052
284108,4309053
284109,4309054
284110,4309055
284111,4309056
284112,4309057
284113,4309058
284114,4309059
284115,4309060
284116,4309061
284117,4309062
284118,4309063
284119,4309064
284120,4309069
284121,4309070
284122,4309071
284123,4309072
284124,4309073
284125,4309074
284126,4309065
284127,4309066
284128,4309067
284129,4309068
284130,4309075
284131,4309076
284132,4309077
284133,4309078
284134,4309079
284135,4309080
284136,4309081
284137,4309082
284138,4309083
284139,4309084
284140,4309085
284141,4309086
284142,4309087
284143,4309088
284144,4309089
284145,4309090
284146,4309091
284147,4309092
284148,4309093
284149,4309094
284150,4309095
284151,4309096
284152,4309097
284153,4309098
284154,4309099
284155,4309100
284156,4309101
284157,4309102
284158,4309103
284159,4309104
284160,4309105
284161,4309106
284162,4309107
284163,4309108
284164,4309109
284165,4309110
284166,4309111
284167,4309112
284168,4309113
284169,4309114
284170,4309115
284171,4309116
284172,4309117
284173,4309118
284174,4309119
284175,4309120
284176,4309121
284177,4309122
284178,4309123
284179,4309124
284180,4309125
284181,4309126
284182,4309127
284183,4309128
284184,4309129
284185,4309130
284186,4309131
284187,4309132
284188,4309133
284189,4309134
284190,4309138
284191,4309139
284192,4309140
284193,4309141
284194,4309142
284195,4309143
284196,4309144
284197,4309135
284198,4309136
284199,4309137
284200,4309145
284201,4309146
284202,4309147
284203,4309148
284204,4309149
284205,4309150
284206,4309151
284207,4309152
284208,4309153
284209,4309154
284210,4309155
284211,4309156
284212,4309157
284213,4309158
284214,4309159
284215,4309160
284216,4309161
284217,4309162
284218,4309163
284219,4309164
284220,4309165
284221,4309166
284222,4309167
284223,4309168
284224,4309169
284225,4309170
284226,4309171
284227,4309172
284228,4309173
284229,4309174
284230,4309175
284231,4309176
284232,4309177
284233,4309178
284234,4309179
284235,4309180
284236,4309181
284237,4309182
284238,4309183
284239,4309184