318099,
318090,
318093,
318096,
318092,
318091,
318097,
318094,
318098,
318095,
318109,
318102,
318103,
318108,
318100,
318101,
318106,
318104,
318105,
318107,
318111,
318118,
318117,
318113,
318112,
318114,
318110,
318119,
318115,
318116,
318127,
318121,
318125,
318120,
318126,
318128,
318123,
318129,
318124,
318122,
318132,
318130,
318136,
318134,
318131,
318137,
318133,
318135,
318139,
318138,
318144,
318145,
318142,
318141,
318147,
318148,
318149,
318140,
318143,
318146,
318153,
318151,
318157,
318156,
318155,
318159,
318152,
318154,
318158,
318150,
318160,
318169,
318168,
318161,
318163,
318166,
318162,
318164,
318165,
318167,
318175,
318173,
318179,
318178,
318170,
318176,
318177,
318174,
318171,
318172,
318186,
318180,
318182,
318183,
318184,
318181,
318187,
318188,
318185,
318189,
318190,
318198,
318194,
318193,
318192,
318191,
318197,
318199,
318196,
318195,
318207,
318205,
318203,
318202,
318201,
318204,
318200,
318208,
318209,
318206,
318218,
318217,
318216,
318210,
318211,
318219,
318215,
318213,
318212,
318214,
318229,
318224,
318228,
318225,
318227,
318222,
318220,
318226,
318223,
318221,
318239,
318233,
318231,
318232,
318235,
318234,
318230,
318236,
318237,
318238,
318241,
318246,
318249,
318248,
318243,
318240,
318247,
318245,
318242,
318244,
318251,
318253,
318252,
318258,
318250,
318259,
318255,
318254,
318257,
318256,
318261,
318269,
318260,
318267,
318265,
318263,
318268,
318264,
318262,
318266,
318271,
318270,
318273,
318276,
318274,
318277,
318279,
318278,
318272,
318275,
318283,
318280,
318281,
318285,
318282,
318288,
318284,
318286,
318289,
318287,
318291,
318294,
318296,
318292,
318293,
318297,
318290,
318295,
318299,
318298,
318303,
318300,
318305,
318309,
318302,
318308,
318306,
318301,
318304,
318307,
318316,
318314,
318313,
318312,
318317,
318311,
318310,
318319,
318315,
318318,
318323,
318320,
318325,
318329,
318327,
318328,
318324,
318321,
318326,
318322,
318334,
318336,
318337,
318332,
318331,
318330,
318335,
318333,
318339,
318338,
318340,
318345,
318349,
318348,
318343,
318347,
318342,
318346,
318341,
318344,
318354,
318356,
318352,
318357,
318351,
318350,
318353,
318355,
318359,
318358,
318368,
318360,
318365,
318369,
318363,
318364,
318367,
318361,
318366,
318362,
318374,
318376,
318377,
318372,
318375,
318371,
318370,
318379,
318373,
318378,
318380,
318385,
318389,
318388,
318383,
318386,
318384,
318381,
318387,
318382,
318396,
318394,
318392,
318397,
318391,
318390,
318395,
318393,
318399,
318398,
318405,
318400,
318409,
318408,
318403,
318402,
318406,
318407,
318401,
318404,
318417,
318416,
318414,
318412,
318411,
318415,
318410,
318419,
318413,
318418,
318428,
318425,
318420,
318429,
318427,
318423,
318421,
318422,
318426,
318424,
318437,
318436,
318434,
318438,
318432,
318431,
318430,
318435,
318433,
318439,
318449,
318440,
318445,
318448,
318447,
318443,
318441,
318442,
318444,
318446,
318457,
318456,
318454,
318458,
318452,
318455,
318450,
318451,
318459,
318453,
318469,
318460,
318465,
318468,
318467,
318463,
318461,
318462,
318466,
318464,