284243,4310323
284245,4310325
284247,4310327
284250,4310330
284249,4310329
284244,4310324
284248,4310328
284246,4310326
284242,4310322
284255,4310335
284258,4310338
284256,4310336
284251,4310331
284259,4310339
284254,4310334
284257,4310337
284252,4310332
284253,4310333
284267,4310347
284263,4310343
284262,4310342
284268,4310348
284260,4310340
284264,4310344
284266,4310346
284265,4310345
284261,4310341
284275,4310355
284269,4310349
284273,4310353
284271,4310351
284274,4310354
284277,4310357
284272,4310352
284270,4310350
284276,4310356
284278,4310358
284281,4310361
284282,4310362
284286,4310366
284279,4310359
284283,4310363
284284,4310364
284280,4310360
284285,4310365
284294,4310374
284293,4310373
284291,4310371
284292,4310372
284289,4310369
284288,4310368
284287,4310367
284290,4310370
284295,4310375
284299,4310379
284303,4310383
284297,4310377
284296,4310376
284301,4310381
284300,4310380
284298,4310378
284304,4310384
284302,4310382
284308,4310388
284305,4310385
284312,4310392
284311,4310391
284310,4310390
284309,4310389
284313,4310393
284307,4310387
284306,4310386
284315,4310395
284321,4310401
284317,4310397
284316,4310396
284320,4310400
284319,4310399
284318,4310398
284322,4310402
284314,4310394
284327,4310407
284323,4310403
284325,4310405
284328,4310408
284331,4310411
284330,4310410
284324,4310404
284329,4310409
284326,4310406
284339,4310412
284338,4310420
284334,4310416
284335,4310417
284340,4310413
284332,4310414
284336,4310418
284337,4310419
284333,4310415
284347,4310427
284346,4310426
284345,4310425
284343,4310423
284348,4310428
284342,4310422
284341,4310421
284349,4310429
284344,4310424
284358,4310438
284357,4310437
284353,4310433
284354,4310434
284350,4310430
284355,4310435
284351,4310431
284356,4310436
284352,4310432
284367,4310447
284363,4310443
284362,4310442
284364,4310444
284366,4310446
284365,4310445
284359,4310439
284361,4310441
284360,4310440
284376,4310456
284373,4310453
284374,4310454
284371,4310451
284375,4310455
284368,4310448
284370,4310450
284369,4310449
284372,4310452
284380,4310460
284383,4310463
284379,4310459
284377,4310457
284382,4310462
284384,4310464
284378,4310458
284385,4310465
284381,4310461
284391,4310471
284388,4310468
284392,4310472
284386,4310466
284387,4310467
284394,4310474
284390,4310470
284389,4310469
284393,4310473
284403,4310483
284402,4310482
284398,4310478
284397,4310477
284399,4310479
284401,4310481
284400,4310480
284395,4310475
284396,4310476
284405,4310485
284412,4310492
284408,4310488
284404,4310484
284410,4310490
284411,4310491
284407,4310487
284409,4310489
284406,4310486
284415,4310496
284421,4310493
284420,4310501
284417,4310498
284413,4310494
284418,4310499
284414,4310495
284419,4310500
284416,4310497
284422,4310502
284424,4310504
284429,4310509
284423,4310503
284426,4310506
284428,4310508
284430,4310510
284425,4310505
284427,4310507
284432,4310512
284431,4310511
284435,4310515
284438,4310518
284439,4310519
284433,4310513
284434,4310514
284436,4310516
316587,4441362
284441,4310521
284446,4310526
284444,4310524
284442,4310522
284443,4310523
284448,4310528
284447,4310527
284440,4310520
284445,4310525
284449,4310529
284452,4310532
284455,4310535
284457,4310537
284451,4310531
284454,4310534
284456,4310536
284450,4310530
284453,4310533
284463,4310543
284459,4310539
284462,4310542
284464,4310544
284465,4310545
284466,4310546
284460,4310540
284461,4310541
284458,4310538
284475,4310555
284469,4310549
284471,4310551
284474,4310554
284467,4310547
284473,4310553
284468,4310548
284472,4310552
284470,4310550
284482,4310562
284481,4310561
284476,4310556
284480,4310560
284477,4310557
284484,4310564
284483,4310563
284478,4310558
284479,4310559
284492,4310572
284486,4310566
284493,4310573
284487,4310567
284490,4310570
284485,4310565
284488,4310568
284491,4310571
284489,4310569
284500,4310580
284501,4310581
284502,4310582
284496,4310576
284495,4310575
284498,4310578
284494,4310574
284499,4310579
284497,4310577
284510,4310590
284506,4310586
284509,4310589
284503,4310583
284507,4310587
284511,4310591
284508,4310588
284505,4310585
284504,4310584
284512,4310592
284518,4310598
284513,4310593
284514,4310594
284519,4310599
284520,4310600
284515,4310595
284517,4310597
284516,4310596
284529,4310609
284528,4310608
284526,4310606
284527,4310607
284523,4310603
284525,4310605
284522,4310602
284524,4310604
284521,4310601
284530,4310610
284531,4310611
284537,4310617
284538,4310618
284533,4310613
284532,4310612
284536,4310616
284535,4310615
284534,4310614
284544,4310624
284540,4310620
284543,4310623
284539,4310619
284541,4310621
284542,4310622
284547,4310627
284545,4310625
284546,4310626
284548,4310628
284555,4310635
284549,4310629
284552,4310632
284553,4310633
284551,4310631
284554,4310634
284550,4310630
284556,4310636
284560,4310640
284565,4310642
284561,4310643
284558,4310637
284562,4310639
284564,4310641
284559,4310645
284557,4310644
284563,4310638
284570,4310649
284573,4310650
284566,4310654
284574,4310646
284571,4310647
284567,4310648
284568,4310653
284572,4310652
284569,4310651
284578,4310662
284582,4310661
284577,4310659
284583,4310658
284575,4310655
284579,4310657
284581,4310660
284576,4310663
284580,4310656