319159,
319160,
319162,
319161,
319164,
319166,
319163,
319165,
319158,
319174,
319170,
319168,
319171,
319172,
319175,
319173,
319169,
319167,
319177,
319180,
319176,
319178,
319183,
319181,
319182,
319184,
319179,
319191,
319190,
319192,
319188,
319185,
319187,
319186,
319193,
319189,
319196,
319194,
319199,
319202,
319197,
319198,
319201,
319200,
319195,
319204,
319208,
319205,
319210,
319211,
319203,
319207,
319206,
319209,
319220,
319218,
319214,
319212,
319213,
319217,
319219,
319216,
319215,
319224,
319227,
319228,
319229,
319223,
319222,
319226,
319221,
319225,
319235,
319231,
319234,
319237,
319230,
319233,
319236,
319238,
319232,
319241,
319245,
319246,
319240,
319247,
319239,
319243,
319244,
319242,
319252,
319256,
319248,
319251,
319254,
319255,
319250,
319253,
319249,
319258,
319263,
319264,
319265,
319257,
319259,
319261,
319260,
319262,
319273,
319267,
319270,
319274,
319268,
319272,
319271,
319266,
319269,
319280,
319276,
319277,
319281,
319275,
319278,
319283,
319279,
319282,
319287,
319290,
319285,
319292,
319288,
319289,
319284,
319291,
319286,
319295,
319298,
319301,
319297,
319293,
319296,
319300,
319294,
319299,
319303,
319308,
319309,
319306,
319310,
319305,
319304,
319307,
319302,
319319,
319316,
319314,
319318,
319311,
319312,
319317,
319313,
319315,
319326,
319321,
319323,
319328,
319325,
319322,
319324,
319327,
319320,
319329,
319337,
319330,
319332,
319335,
319333,
319336,
319331,
319334,
319345,
319346,
319338,
319341,
319344,
319340,
319339,
319342,
319343,
319350,
319351,
319355,
319348,
319347,
319352,
319353,
319354,
319349,
319058,
319056,
319052,
319054,
319053,
319057,
319055,
319050,
319051,
319061,
319067,
319065,
319062,
319059,
319063,
319066,
319060,
319064,
319076,
319075,
319069,
319068,
319071,
319070,
319072,
319073,
319074,
319081,
319078,
319085,
319084,
319080,
319077,
319079,
319082,
319083,
319092,
319087,
319086,
319088,
319090,
319089,
319094,
319091,
319093,
319095,
319097,
319101,
319099,
319102,
319098,
319100,
319103,
319096,
319106,
319104,
319110,
319109,
319107,
319105,
319108,
319112,
319111,
319121,
319119,
319118,
319116,
319115,
319113,
319117,
319120,
319114,
319124,
319123,
319127,
319125,
319129,
319122,
319126,
319130,
319128,
319136,
319134,
319132,
319133,
319131,
319135,
319139,
319138,
319137,
319146,
319140,
319143,
319145,
319141,
319148,
319142,
319144,
319147,
319150,
319154,
319156,
319152,
319149,
319153,
319157,
319151,
319155,