319785,
319780,
319784,
319787,
319779,
319786,
319782,
319781,
319783,
319790,
319793,
319794,
319792,
319796,
319789,
319788,
319795,
319791,
319799,
319797,
319803,
319800,
319802,
319805,
319804,
319798,
319801,
319814,
319807,
319806,
319812,
319811,
319810,
319808,
319813,
319809,
319818,
319820,
319816,
319819,
319822,
319823,
319821,
319815,
319817,
319828,
319830,
319824,
319829,
319825,
319832,
319827,
319826,
319831,
319838,
319833,
319840,
319834,
319837,
319841,
319835,
319836,
319839,
319843,
319844,
319847,
319845,
319850,
319842,
319846,
319848,
319849,
319859,
319858,
319851,
319857,
319855,
319854,
319856,
319853,
319852,
319864,
319868,
319861,
319867,
319862,
319865,
319863,
319860,
319866,
319871,
319869,
319872,
319874,
319875,
319877,
319876,
319873,
319870,
319885,
319886,
319880,
319883,
319879,
319884,
319881,
319878,
319882,
319891,
319889,
319890,
319887,
319888,
319893,
319895,
319894,
319892,
319902,
319900,
319901,
319897,
319898,
319903,
319896,
319904,
319899,
319906,
319907,
319912,
319910,
319913,
319908,
319905,
319909,
319911,
319914,
319916,
319918,
319919,
319917,
319922,
319920,
319921,
319915,
319925,
319926,
319927,
319929,
319924,
319923,
319931,
319930,
319928,
319937,
319932,
319933,
319940,
319936,
319938,
319934,
319939,
319935,
319941,
319944,
319943,
319947,
319949,
319946,
319942,
319948,
319945,
319958,
319954,
319953,
319950,
319957,
319956,
319955,
319952,
319951,
319964,
319961,
319959,
319967,
319962,
319960,
319965,
319966,
319963,
319671,
319672,
319679,
319674,
319673,
319676,
319675,
319678,
319677,
319683,
319686,
319682,
319684,
319687,
319681,
319680,
319688,
319685,
319695,
319693,
319697,
319689,
319696,
319691,
319692,
319694,
319690,
319705,
319701,
319699,
319698,
319700,
319704,
319706,
319702,
319703,
319708,
319710,
319714,
319709,
319715,
319707,
319713,
319711,
319712,
319722,
319716,
319719,
319724,
319720,
319718,
319717,
319723,
319721,
319731,
319725,
319732,
319730,
319727,
319733,
319728,
319729,
319726,
319739,
319742,
319737,
319735,
319738,
319734,
319740,
319741,
319736,
319745,
319743,
319750,
319751,
319746,
319744,
319747,
319749,
319748,
319760,
319756,
319753,
319759,
319757,
319752,
319755,
319754,
319758,
319766,
319763,
319769,
319761,
319768,
319765,
319767,
319764,
319762,
319774,
319778,
319773,
319776,
319770,
319771,
319775,
319772,
319777,
319663,
319669,
319662,
319670,
319664,
319665,
319668,
319666,
319667,