319472,
319476,
319469,
319468,
319474,
319475,
319471,
319470,
319473,
319481,
319478,
319483,
319485,
319482,
319479,
319480,
319477,
319484,
319490,
319492,
319488,
319489,
319494,
319486,
319493,
319487,
319491,
319501,
319497,
319496,
319503,
319500,
319502,
319499,
319498,
319495,
319504,
319511,
319509,
319505,
319510,
319512,
319507,
319508,
319506,
319514,
319513,
319517,
319519,
319518,
319520,
319516,
319515,
319521,
319528,
319526,
319522,
319530,
319525,
319523,
319527,
319524,
319529,
319536,
319532,
319539,
319537,
319534,
319535,
319531,
319538,
319533,
319541,
319543,
319548,
319544,
319547,
319542,
319545,
319540,
319546,
319553,
319554,
319550,
319557,
319552,
319551,
319549,
319555,
319556,
319560,
319565,
319563,
319558,
319566,
319562,
319559,
319561,
319564,
319569,
319572,
319575,
319574,
319568,
319570,
319567,
319571,
319573,
319584,
319579,
319582,
319580,
319576,
319577,
319581,
319583,
319578,
319591,
319589,
319593,
319586,
319592,
319590,
319585,
319588,
319587,
319594,
319601,
319598,
319602,
319596,
319595,
319600,
319599,
319597,
319610,
319605,
319607,
319603,
319608,
319606,
319609,
319604,
319611,
319619,
319618,
319620,
319614,
319613,
319615,
319617,
319612,
319616,
319627,
319629,
319626,
319628,
319621,
319625,
319624,
319623,
319622,
319633,
319637,
319638,
319632,
319636,
319630,
319631,
319635,
319634,
319639,
319645,
319647,
319642,
319646,
319641,
319640,
319644,
319643,
319648,
319652,
319656,
319651,
319653,
319650,
319655,
319654,
319649,
319658,
319660,
319365,
319657,
319659,
319364,
319661,
319363,
319362,
319370,
319371,
319368,
319369,
319367,
319374,
319372,
319373,
319366,
319383,
319375,
319381,
319377,
319382,
319380,
319378,
319376,
319379,
319388,
319384,
319387,
319386,
319390,
319392,
319389,
319385,
319391,
319400,
319394,
319401,
319396,
319395,
319399,
319397,
319398,
319393,
319407,
319404,
319405,
319408,
319410,
319403,
319409,
319406,
319402,
319413,
319411,
319418,
319414,
319412,
319419,
319417,
319415,
319416,
319423,
319426,
319420,
319424,
319428,
319427,
319422,
319425,
319421,
319431,
319437,
319435,
319429,
319436,
319430,
319434,
319432,
319433,
319438,
319439,
319441,
319443,
319442,
319446,
319440,
319444,
319445,
319449,
319452,
319451,
319455,
319447,
319453,
319454,
319450,
319448,
319456,
319460,
319459,
319462,
319464,
319463,
319458,
319457,
319461,
319360,
319357,
319466,
319361,
319465,
319356,
319467,
319359,
319358,